S
20.1
-13.2
18.46
14.62
6.0
48.4
-15.6
44.89
15.62
-12.8
21.87
38.3
-12.4
-3.17
-22.0
16.42
6.17
-36.1
20.15
-12.5
8.0
-34.0
46.8
27.74
-27.0
35.0
40.0
-3.31
15.57
8.0
-10.32
-29.0
23.0
8.0
-25.8
-30.0
26.0
47.0
-10.0
32.4
-49.2
18.1
42.45
35.0
-43.0
49.2
40.0
-45.72
-48.9
32.6
-46.0
16.79
-15.7
29.3
-22.7
22.84
9.05
-26.0
10.0
-4.75
13.88
28.5
-5.0
42.0
-5.5
-42.0
-38.0
15.0
-46.7
40.1
-28.0
42.0
-17.93
21.0
35.0
30.45
-7.5
31.5
12.52
-39.34
12.0
-17.0
28.39
28.74
-19.0
-42.0
-16.0
0.43
-23.0
41.0
-49.5
-4.0
16.4
-27.5
-38.7
-35.12
-25.6
-14.0
-36.0
-46.0
-20.0
-16.7
-29.0
-30.0
-35.0
-27.8
24.3
30.36
-37.3
39.23
15.93
43.0
50.0
19.7
47.0
-10.7
1.0
29.8
-49.0
11.78
6.0
-12.0
28.79
32.0
-18.3
42.0
-23.8
25.7
2.67
-34.0
5.19
33.5
-23.0
-38.27
49.0
36.0
36.0
-16.54
-47.72
-11.1
33.28
17.4
16.18
13.0
